8 xxxxx@fasd.pl fb0e22c79ac75679e9881e6ba183b354 xxxxx 3 999499 1 30 0 90000000 0 29 29 0 0 0 0 0 0 0 90000 0 0 0000-00-00 00:00:00  0 1 0 0  0 0 0 0 0 0 0 0 0
9 kozak@wp.pl d5d12ed29f5fb600c9443cf6053e9434 kozak 2 901010 0 30 0 90000000 0 29 29 0 0 0 0 0 0 0 9000 100 0 0000-00-00 00:00:00  0 1 0 0  0 0 0 0 0 0 0 0 16
10 siemano@kolano.pl 55d43f6da6d9d6573b53a1fed5a8be12 SIemano 46 7 60 2 0 0 48 2 1 2 34 0 0 0 0 0 103 150 0 2019-06-13 14:51:59 0 0 1 0 0  0 0 0 0 0 0 1 0 0
11 uaaaa@wp.pl ca3c6328205776f8b95b1c0924470750 uaaaa 17 10 0 2 0 0 20 2 2 32 0 0 0 0 0 0 101 150 0 2019-06-26 12:54:48 0 0 1 0 0  0 0 0 0 0 1 0 0 0
12 test@admin.pl 8a3e1fa14e30dc3be9c5324f604e5991 testAdmin 1 104 0 1 0 0 0 0 0 0 0 0 0 0 0 0 100 100 0 0000-00-00 00:00:00  0 1 0 0  0 0 0 0 0 0 0 0 0
13 fsfjdskfjs@dfksdf.pl c5777c091df772ff2b2dffcb43d9794c yyyyy 1 100 0 1 0 0 0 0 0 0 0 0 0 0 0 0 100 100 0 2019-07-04 14:00:28 1 0 1 0 0  0 0 0 0 0 0 0 0 0
14 zzzzz@wp.pl 95ebc3c7b3b9f1d2c40fec14415d3cb8 zzzzz 1 100 0 1 0 0 0 0 0 0 0 0 0 0 0 0 100 100 0 0000-00-00 00:00:00  0 1 0 0  0 0 0 0 0 0 0 0 0
8 xxxxx@fasd.pl fb0e22c79ac75679e9881e6ba183b354 xxxxx 3 999499 1 30 0 90000000 0 29 29 0 0 0 0 0 0 0 90000 0 0 0000-00-00 00:00:00  0 1 0 0  0 0 0 0 0 0 0 0 0
9 kozak@wp.pl d5d12ed29f5fb600c9443cf6053e9434 kozak 2 901010 0 30 0 90000000 0 29 29 0 0 0 0 0 0 0 9000 100 0 0000-00-00 00:00:00  0 1 0 0  0 0 0 0 0 0 0 0 16
10 siemano@kolano.pl 55d43f6da6d9d6573b53a1fed5a8be12 SIemano 46 7 60 2 0 0 48 2 1 2 34 0 0 0 0 0 103 150 0 2019-06-13 14:51:59 0 0 1 0 0  0 0 0 0 0 0 1 0 0
11 uaaaa@wp.pl ca3c6328205776f8b95b1c0924470750 uaaaa 17 10 0 2 0 0 20 2 2 32 0 0 0 0 0 0 101 150 0 2019-06-26 12:54:48 0 0 1 0 0  0 0 0 0 0 1 0 0 0
12 test@admin.pl 8a3e1fa14e30dc3be9c5324f604e5991 testAdmin 1 104 0 1 0 0 0 0 0 0 0 0 0 0 0 0 100 100 0 0000-00-00 00:00:00  0 1 0 0  0 0 0 0 0 0 0 0 0
13 fsfjdskfjs@dfksdf.pl c5777c091df772ff2b2dffcb43d9794c yyyyy 1 100 0 1 0 0 0 0 0 0 0 0 0 0 0 0 100 100 0 2019-07-04 14:00:28 1 0 1 0 0  0 0 0 0 0 0 0 0 0
14 zzzzz@wp.pl 95ebc3c7b3b9f1d2c40fec14415d3cb8 zzzzz 1 100 0 1 0 0 0 0 0 0 0 0 0 0 0 0 100 100 0 0000-00-00 00:00:00  0 1 0 0  0 0 0 0 0 0 0 0 0
